0.000000e+00 0.000000e+00 0.000000e+00 0.000000e+00 
8.064516e-02 1.121497e-03 1.819149e-04 -2.587513e-21 
1.612903e-01 2.706981e-03 4.390908e-04 -7.173793e-22 
2.419355e-01 5.807021e-04 9.419346e-05 8.279237e-23 
3.225806e-01 -8.922626e-03 -1.447299e-03 8.610107e-21 
4.032258e-01 -2.578293e-02 -4.182148e-03 -2.434369e-21 
4.838710e-01 -4.457924e-02 -7.231196e-03 2.055746e-20 
5.645161e-01 -5.542278e-02 -8.990626e-03 -2.084988e-20 
6.451613e-01 -4.759630e-02 -7.721746e-03 8.028021e-20 
7.258065e-01 -1.468448e-02 -2.382622e-03 -1.728256e-20 
8.064516e-01 4.089832e-02 6.636810e-03 -2.906424e-20 
8.870968e-01 1.061514e-01 1.722757e-02 -8.042787e-19 
9.677419e-01 1.598335e-01 2.594056e-02 -1.865871e-20 
1.048387e+00 1.787455e-01 2.900770e-02 -5.591362e-20 
1.129032e+00 1.461595e-01 2.371493e-02 2.992180e-19 
1.209677e+00 5.948930e-02 9.649604e-03 -2.076592e-22 
1.290323e+00 -6.583697e-02 -1.067581e-02 -3.781892e-20 
1.370968e+00 -1.983239e-01 -3.215042e-02 -9.206930e-20 
1.451613e+00 -2.983242e-01 -4.835450e-02 -2.856401e-19 
1.532258e+00 -3.299315e-01 -5.348012e-02 6.030557e-20 
1.612903e+00 -2.732277e-01 -4.430009e-02 -1.080429e-19 
1.693548e+00 -1.327543e-01 -2.153347e-02 -1.405499e-21 
1.774194e+00 6.102941e-02 9.904329e-03 3.905648e-22 
1.854839e+00 2.584567e-01 4.196390e-02 5.132779e-19 
1.935484e+00 4.040561e-01 6.562360e-02 -7.907853e-19 
2.016129e+00 4.528554e-01 7.355254e-02 -3.389772e-18 
2.096774e+00 3.845988e-01 6.245151e-02 3.755944e-20 
2.177419e+00 2.112744e-01 3.429063e-02 -3.354631e-19 
2.258065e+00 -2.474388e-02 -4.013596e-03 4.212488e-21 
2.338710e+00 -2.617750e-01 -4.243645e-02 -1.775849e-19 
2.419355e+00 -4.360518e-01 -7.065862e-02 -4.718538e-19 
2.500000e+00 -5.000000e-01 -8.100855e-02 -1.069377e-20 
2.580645e+00 -4.360518e-01 -7.065887e-02 -4.655891e-20 
2.661290e+00 -2.617750e-01 -4.243661e-02 1.677515e-19 
2.741935e+00 -2.474388e-02 -4.013592e-03 6.935072e-20 
2.822581e+00 2.112744e-01 3.429029e-02 -1.498210e-19 
2.903226e+00 3.845988e-01 6.245029e-02 -1.035825e-18 
2.983871e+00 4.528554e-01 7.355068e-02 4.701103e-19 
3.064516e+00 4.040561e-01 6.562209e-02 1.130084e-19 
3.145161e+00 2.584567e-01 4.196346e-02 2.571568e-19 
3.225806e+00 6.102941e-02 9.904442e-03 1.495134e-19 
3.306452e+00 -1.327543e-01 -2.153430e-02 -1.380771e-19 
3.387097e+00 -2.732277e-01 -4.430290e-02 -2.778009e-19 
3.467742e+00 -3.299315e-01 -5.348443e-02 -3.450170e-20 
3.548387e+00 -2.983242e-01 -4.835858e-02 -2.223199e-19 
3.629032e+00 -1.983239e-01 -3.215280e-02 2.527936e-19 
3.709677e+00 -6.583697e-02 -1.067636e-02 2.115505e-19 
3.790323e+00 5.948930e-02 9.649828e-03 3.105478e-20 
3.870968e+00 1.461595e-01 2.371486e-02 8.536611e-21 
3.951613e+00 1.787455e-01 2.900711e-02 -1.454975e-20 
4.032258e+00 1.598335e-01 2.593992e-02 2.787731e-19 
4.112903e+00 1.061514e-01 1.722732e-02 -1.364443e-19 
4.193548e+00 4.089832e-02 6.636852e-03 2.651904e-20 
4.274194e+00 -1.468448e-02 -2.382699e-03 -1.556490e-20 
4.354839e+00 -4.759630e-02 -7.722192e-03 -1.167152e-19 
4.435484e+00 -5.542278e-02 -8.991317e-03 6.044839e-22 
4.516129e+00 -4.457924e-02 -7.231828e-03 -2.140419e-20 
4.596774e+00 -2.578293e-02 -4.182523e-03 1.063017e-19 
4.677419e+00 -8.922626e-03 -1.447423e-03 -1.124103e-21 
4.758065e+00 5.807021e-04 9.420086e-05 -1.427204e-21 
4.838710e+00 2.706981e-03 4.391224e-04 1.185246e-22 
4.919355e+00 1.121497e-03 1.819270e-04 1.735270e-21 
